chrom	start	end	tissue number	difference	tissue methylation
chr1	1099000	1099499	0	0.8282608695652174	0.021739130434782608
chr1	19688000	19688499	0	0.8076086956521739	0.025
chr1	11291500	11291999	0	0.7529761904761905	0.05952380952380952
chr1	32251500	32251999	0	0.7257543103448276	0.008620689655172414
chr1	32272500	32272999	0	0.7115384615384616	0.038461538461538464
chr1	63651500	63651999	0	0.7045454545454546	0.17045454545454547
chr1	91804500	91804999	0	0.6811594202898551	0.016666666666666666
chr1	23601000	23601499	0	0.6660569105691057	0.058333333333333334
chr1	9728500	9728999	0	0.6623029279279279	0.015625
chr1	89609000	89609499	0	0.6591435185185186	0.14814814814814814
chr1	23620500	23620999	0	0.6564558629776021	0.10869565217391305
chr1	19074500	19074999	0	0.5952093397745571	0.07608695652173914
chr1	27522500	27522999	0	0.5607174688057041	0.020833333333333332
chr1	46286000	46286499	0	0.5326460481099657	0.3333333333333333
chr1	9715500	9715999	0	0.5318181818181819	0.09848484848484848
chr1	53108000	53108499	0	0.525	0.2875
chr1	9716000	9716499	0	0.5157342657342657	0.19230769230769232
chr1	27084500	27084999	0	0.5073770491803278	0.05
chr1	33315500	33315999	0	0.5065104166666667	0.2109375
chr1	10496000	10496499	0	0.4862707535121328	0.32407407407407407
chr1	19074000	19074499	0	0.4802670447831739	0.43548387096774194
chr1	9729000	9729499	0	0.4770522388059702	0.3625
chr1	2153000	2153499	0	0.472911622276029	0.3660714285714286
chr1	3033000	3033499	0	0.4448356807511737	0.3333333333333333
chr1	2240500	2240999	0	0.4365357643758766	0.15217391304347827
chr1	8971500	8971999	0	0.423611111111111	0.3541666666666667
chr1	24992500	24992999	0	0.42250000000000004	0.04
chr1	27522000	27522499	0	0.4149999999999999	0.11000000000000001
chr1	8970500	8970999	0	0.4033737792246227	0.06451612903225806
chr1	20320500	20320999	0	0.4	0.225
chr1	91387000	91387499	0	0.38742690058479534	0.36257309941520466
chr1	8967500	8967999	0	0.37211538461538457	0.4519230769230769
chr1	55463500	55463999	0	0.36250000000000004	0.21250000000000002
chr1	12177500	12177999	0	0.3528428093645485	0.10869565217391305
chr1	6465000	6465499	0	0.3522267206477733	0.1346153846153846
chr1	32253000	32253499	0	0.3429487179487179	0.0
chr1	24981500	24981999	0	0.3169642857142857	0.21875
chr1	8926000	8926499	0	0.3035714285714286	0.4776785714285714
chr1	23627500	23627999	0	0.29365079365079366	0.1111111111111111
chr1	20323000	20323499	0	0.2841642228739003	0.41129032258064513
chr1	27113500	27113999	0	0.27384615384615374	0.5800000000000001
chr1	9191000	9191499	0	0.26868131868131867	0.4428571428571429
chr1	2152500	2152999	0	0.26617405582922815	0.5862068965517242
chr1	42014000	42014499	0	0.26066666666666666	0.3333333333333333
chr1	18948500	18948999	0	0.25293803418803423	0.11458333333333333
chr1	11282500	11282999	0	0.25115740740740744	0.6759259259259259
chr1	14969000	14969499	0	0.24952633573323224	0.4482758620689655
chr1	2894500	2894999	0	0.23697916666666663	0.5546875
chr1	24990000	24990499	0	0.2225942460317461	0.3611111111111111
chr1	23600500	23600999	0	0.22062500000000007	0.6699999999999999
chr1	25796000	25796499	0	0.2142857142857143	0.2857142857142857
chr1	67754000	67754499	0	0.20862068965517233	0.55
chr1	2236500	2236999	0	0.2047619047619047	0.65
chr1	2237000	2237499	0	0.20353535353535354	0.09090909090909091
chr1	14966500	14966999	0	0.20265151515151525	0.6931818181818181
chr1	20185000	20185499	0	0.20244565217391305	0.016304347826086956
chr1	37519000	37519499	0	0.19976744186046513	0.495
chr1	9685500	9685999	0	0.19648093841642233	0.2954545454545454
chr1	25690000	25690499	0	0.19302325581395352	0.65
chr1	19433000	19433499	0	0.1883116883116882	0.6071428571428572
chr1	32274500	32274999	0	0.1880952380952382	0.5119047619047619
chr1	2115000	2115499	0	0.18778772378516628	0.6195652173913043
chr1	2296500	2296999	0	0.1875862068965516	0.6724137931034483
chr1	44801500	44801999	0	0.1875	0.0125
chr1	39819000	39819499	0	0.18435013262599464	0.6810344827586208
chr1	31058500	31058999	0	0.18114973262032097	0.7159090909090908
chr1	2970000	2970499	0	0.17989795918367357	0.69
chr1	31933500	31933999	0	0.17718855218855212	0.44318181818181823
chr1	9315000	9315499	0	0.1746080858085809	0.5729166666666666
chr1	34871500	34871999	0	0.16467630421118795	0.4864864864864865
chr1	21427500	21427999	0	0.16052827380952384	0.47619047619047616
chr1	6968500	6968999	0	0.16042288120722936	0.12195121951219513
chr1	2584000	2584499	0	0.1590909090909091	0.022727272727272728
chr1	9267000	9267499	0	0.15827956989247313	0.21
chr1	9417500	9417999	0	0.1555219012115564	0.3918918918918919
chr1	23600000	23600499	0	0.15500000000000003	0.575
chr1	2969500	2969999	0	0.15484515484515485	0.13636363636363638
chr1	93768000	93768499	0	0.15476190476190477	0.619047619047619
chr1	15347000	15347499	0	0.15425531914893617	0.16666666666666666
chr1	53294500	53294999	0	0.15172064777327932	0.4903846153846154
chr1	36161500	36161999	0	0.14967105263157893	0.03125
chr1	54170500	54170999	0	0.1467803030303031	0.71875
chr1	6466000	6466499	0	0.14639227642276426	0.08125
chr1	13487000	13487499	0	0.1460240274599542	0.2717391304347826
chr1	22634000	22634499	0	0.14583333333333337	0.6666666666666666
chr1	44724000	44724499	0	0.1455829326923077	0.5673076923076923
chr1	27521500	27521999	0	0.14508276533592987	0.038461538461538464
chr1	2049000	2049499	0	0.13966588966588966	0.2727272727272727
chr1	5882500	5882999	0	0.13816689466484278	0.7843137254901961
chr1	4222500	4222999	0	0.13815789473684215	0.6118421052631579
chr1	45163500	45163999	0	0.13616268788682584	0.7115384615384616
chr1	25618000	25618499	0	0.13013698630136986	0.0
chr1	43920000	43920499	0	0.129211389385808	0.7441860465116279
chr1	5110500	5110999	0	0.12916666666666676	0.4125
chr1	2298500	2298999	0	0.125	0.75
chr1	9558000	9558499	0	0.11998916576381347	0.7884615384615385
chr1	52603000	52603499	0	0.11952683615819204	0.34375
chr1	28096000	28096499	0	0.11818181818181817	0.7
chr1	82777500	82777999	0	0.11595570976630265	0.7804878048780488
chr1	25775000	25775499	0	0.11539035676966712	0.015151515151515152
chr1	9180000	9180499	1	0.7397807017543858	0.08771929824561403
chr1	41670500	41670999	1	0.5914634146341463	0.25609756097560976
chr1	84851500	84851999	1	0.5886524822695036	0.24468085106382978
chr1	27667500	27667999	1	0.5564989517819706	0.09444444444444444
chr1	26556000	26556499	1	0.5026223776223777	0.4204545454545454
chr1	86757000	86757499	1	0.4305555555555556	0.375
chr1	9899000	9899499	1	0.40770123839009276	0.4967105263157895
chr1	36122500	36122999	1	0.39632066276803124	0.4046052631578947
chr1	19318000	19318499	1	0.38021739130434784	0.4347826086956522
chr1	19436000	19436499	1	0.37437140804597696	0.15364583333333331
chr1	54965500	54965999	1	0.37	0.24999999999999997
chr1	39541500	39541999	1	0.36788291900561343	0.2441860465116279
chr1	46640500	46640999	1	0.36011904761904767	0.38095238095238093
chr1	9737000	9737499	1	0.3506944444444444	0.34375
chr1	9398500	9398999	1	0.3415991902834008	0.6057692307692307
chr1	19257500	19257999	1	0.3399193548387097	0.4625
chr1	51637000	51637499	1	0.3310185185185186	0.3125
chr1	28425500	28425999	1	0.3292792792792793	0.36666666666666664
chr1	7810500	7810999	1	0.32101449275362326	0.2333333333333333
chr1	62215000	62215499	1	0.3202388434946575	0.12162162162162163
chr1	22646000	22646499	1	0.3187681159420289	0.24456521739130435
chr1	24453000	24453499	1	0.31529516994633267	0.5480769230769231
chr1	56511500	56511999	1	0.3142857142857143	0.18571428571428572
chr1	10477000	10477499	1	0.3058862433862435	0.5714285714285714
chr1	28590000	28590499	1	0.3051470588235295	0.14583333333333331
chr1	9279500	9279999	1	0.3007575757575758	0.15
chr1	58888500	58888999	1	0.29989035087719296	0.543859649122807
chr1	58809000	58809499	1	0.2971014492753622	0.6195652173913044
chr1	41639500	41639999	1	0.28827519379844957	0.2325581395348837
chr1	27780000	27780499	1	0.2853320029027576	0.46226415094339623
chr1	1403500	1403999	1	0.2847222222222222	0.5069444444444444
chr1	60394500	60394999	1	0.28445747800586507	0.5564516129032258
chr1	40093500	40093999	1	0.27777777777777773	0.3333333333333333
chr1	23585500	23585999	1	0.2753356021932312	0.2052845528455285
chr1	28346000	28346499	1	0.2734375	0.6015625
chr1	9275000	9275499	1	0.2696917808219178	0.4375
chr1	19533500	19533999	1	0.2655737704918033	0.05
chr1	23785000	23785499	1	0.2589285714285714	0.6785714285714286
chr1	46593500	46593999	1	0.2578125	0.25
chr1	26555500	26555999	1	0.25750695088044484	0.2153846153846154
chr1	14762000	14762499	1	0.2558602150537635	0.435
chr1	39969000	39969499	1	0.2554659498207884	0.5806451612903226
chr1	36153000	36153499	1	0.2523845007451565	0.4385245901639344
chr1	3619500	3619999	1	0.250925925925926	0.2962962962962963
chr1	7304000	7304499	1	0.2509259259259259	0.3416666666666667
chr1	23010500	23010999	1	0.24943534726143424	0.3804347826086957
chr1	31425000	31425499	1	0.24780701754385948	0.4671052631578948
chr1	54171000	54171499	1	0.24761021142600081	0.6175213675213675
chr1	76261500	76261999	1	0.24759615384615385	0.34615384615384615
chr1	27864000	27864499	1	0.2407407407407407	0.17592592592592593
chr1	19257000	19257499	1	0.2405329593267882	0.3804347826086957
chr1	86776500	86776999	1	0.2404591532498508	0.6025641025641026
chr1	32637000	32637499	1	0.23958333333333337	0.34375
chr1	19488000	19488499	1	0.23809523809523805	0.20833333333333334
chr1	28715000	28715499	1	0.23726163234172384	0.18115942028985507
chr1	26314500	26314999	1	0.23666666666666664	0.43
chr1	40841500	40841999	1	0.23611111111111116	0.375
chr1	33455000	33455499	1	0.23349056603773588	0.6415094339622641
chr1	42919500	42919999	1	0.23348214285714286	0.234375
chr1	31535500	31535999	1	0.2319277108433735	0.25
chr1	19579500	19579999	1	0.23168563300142253	0.3223684210526315
chr1	26805000	26805499	1	0.23095238095238096	0.27499999999999997
chr1	44815500	44815999	1	0.22875615763546808	0.6160714285714285
chr1	18920000	18920499	1	0.22857142857142854	0.5714285714285714
chr1	57271000	57271499	1	0.22734375	0.3
chr1	59669500	59669999	1	0.22658730158730167	0.46785714285714286
chr1	6022500	6022999	1	0.22510518934081347	0.5652173913043478
chr1	46204500	46204999	1	0.22466216216216217	0.4375
chr1	58899500	58899999	1	0.22410865874363328	0.3548387096774194
chr1	87154500	87154999	1	0.22394578313253022	0.38749999999999996
chr1	15277500	15277999	1	0.221989966555184	0.5144230769230769
chr1	36119500	36119999	1	0.21929824561403505	0.25
chr1	12168000	12168499	1	0.21840277777777778	0.109375
chr1	25958500	25958999	1	0.21771978021978022	0.6428571428571428
chr1	31022500	31022999	1	0.2174447174447175	0.668918918918919
chr1	39540500	39540999	1	0.2158305693753455	0.1087962962962963
chr1	7811500	7811999	1	0.21550324675324684	0.6193181818181818
chr1	6063500	6063999	1	0.21445783132530127	0.3855421686746988
chr1	44078000	44078499	1	0.21389751552795033	0.40217391304347827
chr1	59507500	59507999	1	0.2137276785714286	0.5714285714285714
chr1	40939500	40939999	1	0.2125576036866359	0.2338709677419355
chr1	29711500	29711999	1	0.21130952380952384	0.39583333333333337
chr1	9179500	9179999	1	0.21115819209039544	0.08050847457627118
chr1	13724500	13724999	1	0.21064814814814803	0.5208333333333334
chr1	6056000	6056499	1	0.20862647905340578	0.07203389830508475
chr1	46509000	46509499	1	0.2067805383022775	0.6845238095238095
chr1	89799000	89799499	1	0.20477207977207978	0.34615384615384615
chr1	46049000	46049499	1	0.20454545454545447	0.5681818181818182
chr1	9152000	9152499	1	0.20313765182186239	0.6192307692307693
chr1	62236500	62236999	1	0.2016129032258065	0.6733870967741935
chr1	58846000	58846499	1	0.20154043645699615	0.7195121951219512
chr1	44670000	44670499	1	0.19963702359346647	0.6293103448275862
chr1	58820000	58820499	1	0.19900883687604487	0.3575949367088608
chr1	24501500	24501999	1	0.19623655913978488	0.3870967741935484
chr1	41735500	41735999	1	0.19610169491525425	0.02
chr1	26282500	26282999	1	0.19415509259259267	0.6574074074074073
chr1	45541500	45541999	1	0.19316909294512885	0.39893617021276595
chr1	39002500	39002999	1	0.19187192118226604	0.6724137931034483
chr1	15788500	15788999	1	0.1907665505226481	0.07142857142857142
chr1	54239000	54239499	1	0.1902777777777777	0.3888888888888889
chr1	53834500	53834999	2	0.9314814814814816	0.018518518518518517
chr1	23910000	23910499	2	0.8879310344827587	0.0
chr1	27442500	27442999	2	0.8677171610169492	0.0390625
chr1	9009500	9009999	2	0.8575471698113207	0.04245283018867925
chr1	26633000	26633499	2	0.8508545310015898	0.04779411764705882
chr1	15964500	15964999	2	0.849859022556391	0.05803571428571429
chr1	92975000	92975499	2	0.8480314960629921	0.001968503937007874
chr1	24748500	24748999	2	0.8460953346855984	0.021551724137931036
chr1	46321000	46321499	2	0.8320791527313266	0.010869565217391304
chr1	23888500	23888999	2	0.8252874175005322	0.029220779220779224
chr1	27442000	27442499	2	0.8232886904761905	0.033854166666666664
chr1	92976000	92976499	2	0.8222819593787336	0.06481481481481481
chr1	22165000	22165499	2	0.8216040716040716	0.016233766233766236
chr1	15564000	15564499	2	0.8101555987774381	0.02459016393442623
chr1	23909500	23909999	2	0.8083692528735633	0.030172413793103446
chr1	45411000	45411499	2	0.8081701807228916	0.05120481927710843
chr1	23911500	23911999	2	0.8074561403508773	0.017543859649122806
chr1	15572000	15572499	2	0.8057776162790697	0.0546875
chr1	21519000	21519499	2	0.805528799845887	0.0824022346368715
chr1	97331000	97331499	2	0.8020833333333334	0.07291666666666667
chr1	13667500	13667999	2	0.7864583333333333	0.0
chr1	6782000	6782499	2	0.7755775577557755	0.1410891089108911
chr1	805000	805499	2	0.775	0.1
chr1	19411500	19411999	2	0.7734375	0.0703125
chr1	27483000	27483499	2	0.7693456718157972	0.14554794520547945
chr1	17127000	17127499	2	0.7678571428571428	0.10714285714285715
chr1	46371000	46371499	2	0.7675514626218852	0.19014084507042253
chr1	2100500	2100999	2	0.7670270270270271	0.022972972972972974
chr1	75726500	75726999	2	0.7667792792792792	0.11666666666666667
chr1	87057500	87057999	2	0.7663461538461538	0.046153846153846156
chr1	32308500	32308999	2	0.7662037037037037	0.046296296296296294
chr1	63893000	63893499	2	0.7634976525821597	0.028169014084507043
chr1	1864500	1864999	2	0.759920634920635	0.1597222222222222
chr1	23912000	23912499	2	0.7574496288441146	0.026086956521739132
chr1	24734000	24734499	2	0.7567307692307692	0.1375
chr1	77770500	77770999	2	0.754769921436588	0.15432098765432098
chr1	66119000	66119499	2	0.754079254079254	0.0641025641025641
chr1	12040000	12040499	2	0.75	0.0
chr1	3665000	3665499	2	0.7485981308411216	0.0514018691588785
chr1	2577000	2577499	2	0.7477836879432624	0.14583333333333331
chr1	24227000	24227499	2	0.7451159951159952	0.15873015873015872
chr1	15563500	15563999	2	0.7447916666666666	0.15104166666666666
chr1	66380000	66380499	2	0.7379926108374385	0.09821428571428571
chr1	36195500	36195999	2	0.7369505494505494	0.1201923076923077
chr1	40313000	40313499	2	0.73671875	0.15
chr1	15094500	15094999	2	0.733912483912484	0.13513513513513514
chr1	23889000	23889499	2	0.7307692307692308	0.0
chr1	91349000	91349499	2	0.7283452807646356	0.1975806451612903
chr1	76219500	76219999	2	0.7275641025641026	0.10576923076923078
chr1	25585000	25585499	2	0.7201433121019108	0.09235668789808918
chr1	24226500	24226999	2	0.7196969696969696	0.11363636363636363
chr1	19393000	19393499	2	0.7127016129032258	0.03729838709677419
chr1	52532000	52532499	2	0.712469078540507	0.13446969696969696
chr1	9016000	9016499	2	0.7087912087912087	0.21428571428571427
chr1	45365000	45365499	2	0.7083333333333333	0.20833333333333331
chr1	39666500	39666999	2	0.7083333333333333	0.0
chr1	27481500	27481999	2	0.7043650793650793	0.1527777777777778
chr1	3909500	3909999	2	0.6978632478632478	0.057692307692307696
chr1	93642500	93642999	2	0.6931818181818181	0.125
chr1	67166000	67166499	2	0.6885093167701863	0.05434782608695652
chr1	32021500	32021999	2	0.6875	0.11250000000000002
chr1	32208000	32208499	2	0.6870967741935484	0.11290322580645161
chr1	74517500	74517999	2	0.6857142857142857	0.15714285714285714
chr1	6861500	6861999	2	0.6821428571428572	0.125
chr1	8366500	8366999	2	0.6801470588235294	0.1875
chr1	32649000	32649499	2	0.6792428861788617	0.19270833333333334
chr1	36256500	36256999	2	0.6787518037518038	0.21212121212121213
chr1	15974500	15974999	2	0.6688920825712046	0.08953488372093023
chr1	40699500	40699999	2	0.66384778012685	0.04069767441860465
chr1	21520500	21520999	2	0.6617746288798921	0.19078947368421054
chr1	18869000	18869499	2	0.6592592592592592	0.09074074074074075
chr1	77770000	77770499	2	0.6571969696969697	0.22916666666666669
chr1	22859500	22859999	2	0.6565997406215476	0.2356020942408377
chr1	23720500	23720999	2	0.6547842401500938	0.07692307692307693
chr1	31785000	31785499	2	0.6515126467184658	0.03326996197718631
chr1	28245000	28245499	2	0.6494565217391304	0.16304347826086957
chr1	32661500	32661999	2	0.6491379310344828	0.27586206896551724
chr1	33661000	33661499	2	0.6483516483516485	0.17857142857142855
chr1	3656000	3656499	2	0.6467391304347827	0.125
chr1	87593000	87593499	2	0.6461267605633803	0.22887323943661972
chr1	55288000	55288499	2	0.6458666533386646	0.10823170731707318
chr1	28132500	28132999	2	0.6455128205128204	0.14615384615384616
chr1	9130500	9130999	2	0.6438033428165006	0.222972972972973
chr1	25046000	25046499	2	0.642156862745098	0.10784313725490197
chr1	33501000	33501499	2	0.640909090909091	0.2909090909090909
chr1	25237000	25237499	2	0.6409090909090909	0.1590909090909091
chr1	11900500	11900999	2	0.6401515151515151	0.041666666666666664
chr1	4027000	4027499	2	0.6389943074003794	0.008064516129032258
chr1	10473000	10473499	2	0.6343582887700534	0.10882352941176471
chr1	19014000	19014499	2	0.6328748890860691	0.12732919254658387
chr1	42955000	42955499	2	0.6326086956521739	0.275
chr1	13713500	13713999	2	0.6317204301075268	0.20161290322580647
chr1	38062000	38062499	2	0.6314935064935064	0.10064935064935066
chr1	2581000	2581499	2	0.631342062193126	0.23404255319148937
chr1	15830500	15830999	2	0.6282642089093702	0.08602150537634409
chr1	8658500	8658999	2	0.6267482517482519	0.25961538461538464
chr1	32316500	32316999	2	0.6245145631067961	0.02548543689320388
chr1	8053000	8053499	2	0.6238095238095238	0.2619047619047619
chr1	39524000	39524499	2	0.6222826086956522	0.1902173913043478
chr1	30689000	30689499	2	0.6202359346642468	0.10344827586206896
chr1	10203500	10203999	3	0.39015606242497	0.3010204081632653
chr1	91864000	91864499	3	0.3188920454545454	0.2265625
chr1	59107500	59107999	3	0.3160377358490566	0.1839622641509434
chr1	61052000	61052499	3	0.31376262626262624	0.3806818181818182
chr1	19580000	19580499	3	0.3044263775971092	0.15853658536585366
chr1	56495500	56495999	3	0.2967649647887324	0.1328125
chr1	5975500	5975999	3	0.2965686274509804	0.27205882352941174
chr1	17310500	17310999	3	0.2881546558017146	0.41386554621848737
chr1	17303500	17303999	3	0.287037037037037	0.08333333333333334
chr1	94606500	94606999	3	0.2829414374445431	0.25510204081632654
chr1	59605000	59605499	3	0.27886977886977893	0.5454545454545454
chr1	30724000	30724499	3	0.27473763118440775	0.13043478260869565
chr1	17465500	17465999	3	0.2720588235294118	0.4779411764705882
chr1	1038500	1038999	3	0.2621600158824698	0.3972602739726027
chr1	56229000	56229499	3	0.262133072407045	0.37142857142857144
chr1	66279500	66279999	3	0.2619825708061002	0.11764705882352941
chr1	21788000	21788499	3	0.2540322580645161	0.25
chr1	63592500	63592999	3	0.24842436974789914	0.11764705882352941
chr1	43810000	43810499	3	0.24405317164179108	0.6328125
chr1	23119500	23119999	3	0.2427083333333333	0.15833333333333333
chr1	54331000	54331499	3	0.2311688311688312	0.41883116883116883
chr1	26600000	26600499	3	0.22238562091503267	0.5220588235294118
chr1	51434500	51434999	3	0.2195852534562212	0.2661290322580645
chr1	9759000	9759499	3	0.21464194373401535	0.4647058823529412
chr1	9085500	9085999	3	0.21428571428571425	0.20238095238095238
chr1	44412500	44412999	3	0.2132478632478632	0.10897435897435898
chr1	62001500	62001999	3	0.21150097465886952	0.7314814814814814
chr1	24465000	24465499	3	0.2099780701754386	0.19791666666666666
chr1	21696000	21696499	3	0.2078677000720981	0.6506849315068493
chr1	8426000	8426499	3	0.2076680672268908	0.6066176470588235
chr1	62011000	62011499	3	0.20714285714285718	0.6928571428571428
chr1	31108500	31108999	3	0.205297657425317	0.20959595959595959
chr1	44833000	44833499	3	0.2018514337322196	0.7034883720930232
chr1	52599000	52599499	3	0.20028409090909083	0.640625
chr1	64930000	64930499	3	0.19999999999999996	0.42500000000000004
chr1	17465000	17465499	3	0.19952867242733696	0.5373134328358209
chr1	3658000	3658499	3	0.19900530503978786	0.3413793103448276
chr1	6004500	6004999	3	0.19880988709185243	0.6460176991150441
chr1	41707000	41707499	3	0.19688644688644685	0.5595238095238095
chr1	61996500	61996999	3	0.1964285714285714	0.7285714285714285
chr1	11843500	11843999	3	0.1962978906586311	0.13043478260869565
chr1	11740000	11740499	3	0.19488592668546528	0.2891566265060241
chr1	20851500	20851999	3	0.19407051282051285	0.3020833333333333
chr1	35097500	35097999	3	0.19330887491264842	0.4363207547169811
chr1	8898500	8898999	3	0.19216141001855291	0.38181818181818183
chr1	7899500	7899999	3	0.19132653061224486	0.19642857142857145
chr1	41772000	41772499	3	0.19034090909090917	0.6409090909090909
chr1	28456000	28456499	3	0.1882284382284382	0.4519230769230769
chr1	20603500	20603999	3	0.18822393822393818	0.16891891891891891
chr1	26304500	26304999	3	0.1875000000000001	0.47916666666666663
chr1	54237000	54237499	3	0.18706435150609912	0.7536407766990291
chr1	41726000	41726499	3	0.18575174825174823	0.6363636363636364
chr1	41506000	41506499	3	0.18530701754385953	0.3585526315789474
chr1	22639000	22639499	3	0.1850568585643212	0.44589552238805974
chr1	18567500	18567999	3	0.18452380952380953	0.7083333333333333
chr1	41882000	41882499	3	0.18125	0.06875
chr1	87305000	87305499	3	0.1811735261401557	0.18951612903225806
chr1	24468500	24468999	3	0.17994505494505497	0.695054945054945
chr1	24165000	24165499	3	0.17972699696663297	0.7441860465116279
chr1	43764500	43764999	3	0.1765282131661443	0.5905172413793103
chr1	40859500	40859999	3	0.17583120204603575	0.5551470588235294
chr1	6753500	6753999	3	0.17416666666666675	0.3958333333333333
chr1	61620500	61620999	3	0.17294207317073174	0.534375
chr1	61051500	61051999	3	0.17261904761904767	0.4809523809523809
chr1	64934500	64934999	3	0.16875	0.20625
chr1	36735500	36735999	3	0.16796008869179602	0.5365853658536586
chr1	61976000	61976499	3	0.16763157894736835	0.76
chr1	44431000	44431499	3	0.1664566532258065	0.6108870967741935
chr1	39064500	39064999	3	0.16617647058823537	0.5720588235294117
chr1	17312000	17312499	3	0.16428571428571426	0.2232142857142857
chr1	1182500	1182999	3	0.16391831166746912	0.27425373134328357
chr1	79593500	79593999	3	0.16203703703703698	0.7546296296296297
chr1	43363000	43363499	3	0.1606305672761369	0.5569620253164557
chr1	95227500	95227999	3	0.16016624040920702	0.5318627450980393
chr1	56557500	56557999	3	0.1588297872340425	0.405
chr1	87574500	87574999	3	0.1578947368421053	0.5921052631578947
chr1	28180000	28180499	3	0.1571969696969696	0.44886363636363635
chr1	35575000	35575499	3	0.15717764378478666	0.4346590909090909
chr1	64681000	64681499	3	0.15693681318681318	0.7403846153846154
chr1	33445000	33445499	3	0.15657059110894	0.6151685393258427
chr1	46194500	46194999	3	0.15638528138528152	0.7678571428571428
chr1	41981000	41981499	3	0.15603913630229418	0.1644736842105263
chr1	67754500	67754999	3	0.15596205962059623	0.1611111111111111
chr1	12142000	12142499	3	0.15582706766917298	0.5763157894736842
chr1	4763000	4763499	3	0.15456989247311825	0.5120967741935484
chr1	28284500	28284999	3	0.15451388888888884	0.484375
chr1	6161000	6161499	3	0.15416666666666667	0.09583333333333333
chr1	62050500	62050999	3	0.15396825396825387	0.7666666666666667
chr1	41771500	41771999	3	0.15365953947368421	0.3736842105263158
chr1	42145500	42145999	3	0.15297875941440295	0.1688034188034188
chr1	10427000	10427499	3	0.1515151515151515	0.3522727272727273
chr1	40356500	40356999	3	0.15058398220244715	0.22844827586206898
chr1	20948000	20948499	3	0.15013938669852644	0.25308641975308643
chr1	24487500	24487999	3	0.14987714987714995	0.6136363636363636
chr1	61966000	61966499	3	0.1495088597842834	0.7869318181818182
chr1	44724500	44724999	3	0.1489068610024884	0.4181034482758621
chr1	17356000	17356499	3	0.1486631016042781	0.29545454545454547
chr1	6395000	6395499	3	0.14853603603603593	0.5472972972972974
chr1	52534000	52534499	3	0.14776785714285712	0.7428571428571429
chr1	58741500	58741999	3	0.14747474747474754	0.5303030303030303
chr1	47806000	47806499	4	0.515625	0.359375
chr1	43540500	43540999	4	0.4995519713261648	0.2782258064516129
chr1	3064000	3064499	4	0.40625000000000006	0.4270833333333333
chr1	59521000	59521499	4	0.39205579138872043	0.45588235294117646
chr1	33170500	33170999	4	0.37367021276595735	0.5625
chr1	61442000	61442499	4	0.37202380952380953	0.4821428571428571
chr1	4055000	4055499	4	0.3712606837606837	0.4134615384615385
chr1	3063500	3063999	4	0.36832319134550373	0.5196078431372549
chr1	33389500	33389999	4	0.3659259259259259	0.5599999999999999
chr1	56374000	56374499	4	0.36309523809523814	0.47023809523809523
chr1	14988000	14988499	4	0.3550522941970311	0.4294871794871795
chr1	3062500	3062999	4	0.3549094510469723	0.4543010752688172
chr1	67706000	67706499	4	0.35460372960372954	0.5909090909090909
chr1	62337500	62337999	4	0.35227272727272724	0.39772727272727276
chr1	3145500	3145999	4	0.34811402245896916	0.445364238410596
chr1	9018500	9018999	4	0.34777777777777763	0.43000000000000005
chr1	94094500	94094999	4	0.34476950354609925	0.05416666666666667
chr1	9092000	9092499	4	0.34	0.41
chr1	21935000	21935499	4	0.33750000000000013	0.5125
chr1	36135000	36135499	4	0.33452380952380967	0.31547619047619047
chr1	36420000	36420499	4	0.32569337442218793	0.4470338983050848
chr1	26159000	26159499	4	0.32234589041095885	0.46875
chr1	3063000	3063499	4	0.32234559333795976	0.45038167938931295
chr1	60984000	60984499	4	0.32113821138211374	0.2621951219512195
chr1	14968500	14968999	4	0.3192567567567568	0.4375
chr1	24437500	24437999	4	0.3125	0.4375
chr1	3415500	3415999	4	0.30952380952380953	0.5446428571428571
chr1	25664500	25664999	4	0.307327001356852	0.5335820895522388
chr1	3146000	3146499	4	0.30729166666666674	0.5
chr1	77139000	77139499	4	0.3069390715667313	0.5851063829787233
chr1	3314500	3314999	4	0.30528215223097116	0.3405511811023622
chr1	5431500	5431999	4	0.3038302277432712	0.4818840579710145
chr1	63827500	63827999	4	0.3035714285714286	0.5714285714285714
chr1	96538500	96538999	4	0.2998294808639637	0.45879120879120877
chr1	27562000	27562499	4	0.2990747686921731	0.5672043010752688
chr1	47987000	47987499	4	0.2988095238095238	0.3261904761904762
chr1	7388500	7388999	4	0.2963386727688786	0.42105263157894735
chr1	19140500	19140999	4	0.2950450450450449	0.6216216216216217
chr1	2214500	2214999	4	0.2947928331466965	0.4946808510638298
chr1	634500	634999	4	0.2927536231884058	0.5072463768115942
chr1	65196000	65196499	4	0.2909663865546219	0.5661764705882353
chr1	61888000	61888499	4	0.28333333333333344	0.5166666666666666
chr1	16018000	16018499	4	0.2829912023460409	0.3306451612903226
chr1	3109500	3109999	4	0.2826923076923077	0.4673076923076923
chr1	53037000	53037499	4	0.2821969696969697	0.6666666666666666
chr1	22137000	22137499	4	0.28216090167120095	0.4759036144578313
chr1	83150500	83150999	4	0.28125000000000006	0.49999999999999994
chr1	59039500	59039999	4	0.28115501519756836	0.6117021276595744
chr1	8381500	8381999	4	0.2791160559354906	0.5773195876288659
chr1	89980500	89980999	4	0.2785714285714287	0.5714285714285714
chr1	53123500	53123999	4	0.27800179211469545	0.548611111111111
chr1	53698000	53698499	4	0.27462207970682545	0.26351351351351354
chr1	54781500	54781999	4	0.2738502828956913	0.49336283185840707
chr1	2607500	2607999	4	0.27380952380952384	0.5178571428571429
chr1	93676500	93676999	4	0.2738022113022112	0.24324324324324326
chr1	67757500	67757999	4	0.2728556753980482	0.6212121212121212
chr1	41830500	41830999	4	0.2727124183006536	0.6611111111111111
chr1	3162500	3162999	4	0.26844026123703413	0.6131386861313869
chr1	2174500	2174999	4	0.26694500865116977	0.22511848341232227
chr1	12549000	12549499	4	0.26656626506024095	0.48343373493975905
chr1	91737000	91737499	4	0.26595238095238094	0.615
chr1	12556500	12556999	4	0.26589912280701755	0.17708333333333334
chr1	63662000	63662499	4	0.2646103896103895	0.5535714285714286
chr1	10649500	10649999	4	0.2637135922330097	0.6237864077669902
chr1	16975000	16975499	4	0.26250000000000007	0.6499999999999999
chr1	2073500	2073999	4	0.2622747747747748	0.5958333333333333
chr1	66353000	66353499	4	0.26190476190476186	0.45238095238095233
chr1	54781000	54781499	4	0.2618462643678161	0.44666666666666666
chr1	11157500	11157999	4	0.2606225296442688	0.6306818181818181
chr1	3315500	3315999	4	0.2561752763365668	0.513986013986014
chr1	64116500	64116999	4	0.255952380952381	0.369047619047619
chr1	18892000	18892499	4	0.2552447552447553	0.6538461538461539
chr1	6441000	6441499	4	0.25446428571428564	0.34821428571428575
chr1	21955000	21955499	4	0.254420866489832	0.5660919540229885
chr1	2116000	2116499	4	0.2538129973474801	0.5048076923076923
chr1	2277000	2277499	4	0.2533143939393939	0.6060606060606061
chr1	5296500	5296999	4	0.2519054878048781	0.4512195121951219
chr1	93738500	93738999	4	0.25184275184275184	0.7027027027027027
chr1	54324000	54324499	4	0.2513736263736263	0.4807692307692308
chr1	91651500	91651999	4	0.25	0.625
chr1	7455000	7455499	4	0.2489594522019335	0.544407894736842
chr1	47986500	47986999	4	0.24759110338332246	0.18457943925233644
chr1	93740500	93740999	4	0.24757751937984496	0.43992248062015504
chr1	22809000	22809499	4	0.2475601821730643	0.5283018867924528
chr1	39268500	39268999	4	0.24631089549221757	0.4252577319587629
chr1	63973000	63973499	4	0.24541681079211342	0.652542372881356
chr1	19140000	19140499	4	0.24523809523809514	0.6833333333333333
chr1	19438000	19438499	4	0.24347158218125958	0.4529569892473118
chr1	34060500	34060999	4	0.24244505494505503	0.33928571428571425
chr1	18256500	18256999	4	0.24204545454545456	0.19545454545454544
chr1	21822000	21822499	4	0.24038461538461542	0.5096153846153846
chr1	64162000	64162499	4	0.23910256410256414	0.6858974358974359
chr1	2115500	2115999	4	0.23900074571215518	0.48322147651006714
chr1	58402500	58402999	4	0.23833333333333329	0.6366666666666667
chr1	3086500	3086999	4	0.23749999999999993	0.625
chr1	33265000	33265499	4	0.23733108108108103	0.668918918918919
chr1	24111500	24111999	4	0.2362745098039215	0.5637254901960784
chr1	68955500	68955999	4	0.23592999313658214	0.5725806451612903
chr1	29125000	29125499	4	0.23586616635397123	0.3230769230769231
chr1	21559000	21559499	4	0.2351694915254237	0.3898305084745763
chr1	7333000	7333499	5	0.7108585858585859	0.13636363636363635
chr1	32815000	32815499	5	0.5805851063829788	0.26249999999999996
chr1	61589000	61589499	5	0.5664924506387922	0.22619047619047616
chr1	25484000	25484499	5	0.5348684210526315	0.037500000000000006
chr1	46341500	46341999	5	0.5269886363636364	0.234375
chr1	41946000	41946499	5	0.5041666666666667	0.3125
chr1	5477500	5477999	5	0.4921798631476051	0.12903225806451613
chr1	21318000	21318499	5	0.47229853479853495	0.369047619047619
chr1	21320000	21320499	5	0.4572836801752464	0.3409090909090909
chr1	46613000	46613499	5	0.40628865979381446	0.47
chr1	2491000	2491499	5	0.3900560224089636	0.42857142857142855
chr1	35560500	35560999	5	0.38833333333333336	0.24166666666666664
chr1	16633000	16633499	5	0.3867560900400864	0.48913043478260865
chr1	9615000	9615499	5	0.37999999999999995	0.47000000000000003
chr1	15765500	15765999	5	0.37528801843317966	0.39285714285714285
chr1	16765000	16765499	5	0.3691626409017713	0.19565217391304346
chr1	2347500	2347999	5	0.3685483870967743	0.44999999999999996
chr1	6109500	6109999	5	0.3676829268292684	0.42499999999999993
chr1	38197500	38197999	5	0.3646341463414633	0.30000000000000004
chr1	4528000	4528499	5	0.36458333333333326	0.21875
chr1	2426500	2426999	5	0.3645276292335116	0.356060606060606
chr1	11720000	11720499	5	0.36363636363636365	0.38636363636363635
chr1	2949000	2949499	5	0.3607419712070876	0.488095238095238
chr1	2921500	2921999	5	0.3546583850931676	0.42391304347826086
chr1	3441000	3441499	5	0.3543831168831169	0.20454545454545453
chr1	2865000	2865499	5	0.345475910693302	0.33695652173913043
chr1	1164000	1164499	5	0.3420595533498759	0.08870967741935484
chr1	2928500	2928999	5	0.3417919799498747	0.26785714285714285
chr1	4623000	4623499	5	0.34143410852713174	0.52
chr1	44617000	44617499	5	0.3411458333333333	0.041666666666666664
chr1	866500	866999	5	0.3352272727272727	0.2897727272727273
chr1	86154500	86154999	5	0.33375	0.16
chr1	13878000	13878499	5	0.33079268292682923	0.43750000000000006
chr1	3031000	3031499	5	0.3285984848484848	0.3229166666666667
chr1	2433500	2433999	5	0.32644489247311836	0.3870967741935484
chr1	27044000	27044499	5	0.3209090909090909	0.40909090909090906
chr1	4004000	4004499	5	0.3199835975943137	0.45967741935483875
chr1	7493500	7493999	5	0.31911764705882356	0.47500000000000003
chr1	3623000	3623499	5	0.3167168674698795	0.48750000000000004
chr1	2603500	2603999	5	0.3156702898550725	0.42391304347826086
chr1	36863500	36863999	5	0.31439393939393934	0.3522727272727273
chr1	1230000	1230499	5	0.31384615384615366	0.5900000000000001
chr1	27198500	27198999	5	0.3121794871794872	0.55
chr1	3550500	3550999	5	0.3073489010989011	0.5096153846153846
chr1	5833500	5833999	5	0.30654158215010147	0.46551724137931033
chr1	15479500	15479999	5	0.30573770491803276	0.6000000000000001
chr1	47333000	47333499	5	0.3037757437070938	0.13043478260869565
chr1	30250000	30250499	5	0.30373376623376624	0.4553571428571428
chr1	91546000	91546499	5	0.3026488043288531	0.5808823529411765
chr1	3207500	3207999	5	0.30261363636363625	0.49
chr1	2904000	2904499	5	0.3008771929824561	0.5083333333333333
chr1	20534000	20534499	5	0.2955974842767296	0.41666666666666663
chr1	7348000	7348499	5	0.2950153711023276	0.43478260869565216
chr1	18804500	18804999	5	0.2936170212765958	0.45
chr1	3804000	3804499	5	0.29344919786096246	0.36363636363636365
chr1	4122000	4122499	5	0.2929894179894179	0.4464285714285714
chr1	25141500	25141999	5	0.29239766081871343	0.19444444444444442
chr1	24132000	24132499	5	0.29000000000000004	0.6000000000000001
chr1	6089500	6089999	5	0.2886363636363637	0.44999999999999996
chr1	6218000	6218499	5	0.28797169811320755	0.5375
chr1	6091500	6091999	5	0.28645833333333337	0.5
chr1	37423500	37423999	5	0.284786641929499	0.5340909090909092
chr1	92441500	92441999	5	0.2845588235294117	0.425
chr1	17222500	17222999	5	0.2844551282051281	0.5520833333333334
chr1	4377500	4377999	5	0.2842702852395459	0.5326086956521738
chr1	2903000	2903499	5	0.2840743969776228	0.6370967741935484
chr1	72982000	72982499	5	0.28338983050847455	0.42000000000000004
chr1	1598000	1598499	5	0.2828674948240165	0.532608695652174
chr1	4121500	4121999	5	0.2819478908188586	0.5161290322580645
chr1	9501000	9501499	5	0.2806267806267806	0.5462962962962963
chr1	72618500	72618999	5	0.28006198347107436	0.6125
chr1	2814500	2814999	5	0.2777027027027026	0.5472972972972974
chr1	91806000	91806499	5	0.27742321499800565	0.20652173913043476
chr1	23367500	23367999	5	0.2766380894060012	0.05434782608695652
chr1	6089000	6089499	5	0.2758985200845666	0.6136363636363636
chr1	54679000	54679499	5	0.275	0.475
chr1	6131000	6131499	5	0.2728937728937729	0.38095238095238093
chr1	3932000	3932499	5	0.27250445632798576	0.4926470588235294
chr1	21784000	21784499	5	0.2717938783417281	0.4051724137931034
chr1	2198500	2198999	5	0.2685975609756097	0.23750000000000002
chr1	29802000	29802499	5	0.26773049645390073	0.08333333333333333
chr1	2190000	2190499	5	0.2668706293706294	0.1125
chr1	44507500	44507999	5	0.26657765910102355	0.4880952380952381
chr1	69312500	69312999	5	0.26571912650602414	0.2734375
chr1	3727500	3727999	5	0.26376570583887665	0.4659090909090909
chr1	3206500	3206999	5	0.2635204081632653	0.5375
chr1	3127000	3127499	5	0.26351351351351354	0.3
chr1	1916500	1916999	5	0.26190476190476186	0.5714285714285714
chr1	4022500	4022999	5	0.2613122171945701	0.5769230769230769
chr1	6034500	6034999	5	0.26	0.24
chr1	3556500	3556999	5	0.2590638528138528	0.5757575757575758
chr1	53526500	53526999	5	0.25898692810457513	0.375
chr1	10686500	10686999	5	0.25767841011743453	0.12037037037037036
chr1	13241500	13241999	5	0.2575331971399386	0.5795454545454546
chr1	37065000	37065499	5	0.2573394495412844	0.55
chr1	4628000	4628499	5	0.2570761599066238	0.6086956521739131
chr1	1369500	1369999	5	0.25706388206388214	0.4659090909090909
chr1	16782000	16782499	5	0.25641025641025644	0.4166666666666667
chr1	15201500	15201999	5	0.25595238095238093	0.041666666666666664
chr1	11449500	11449999	5	0.2504960317460317	0.29464285714285715
chr1	19737500	19737999	6	0.6506211180124224	0.20652173913043478
chr1	9878000	9878499	6	0.5909090909090909	0.25
chr1	47323000	47323499	6	0.584795321637427	0.2763157894736842
chr1	16251500	16251999	6	0.5773809523809523	0.3392857142857143
chr1	31759500	31759999	6	0.5654761904761905	0.2916666666666667
chr1	81886000	81886499	6	0.5619565217391304	0.275
chr1	54259500	54259999	6	0.5572916666666667	0.359375
chr1	25531000	25531499	6	0.5549450549450549	0.23076923076923075
chr1	41430000	41430499	6	0.5532959326788219	0.2934782608695652
chr1	11008000	11008499	6	0.5477642276422764	0.375
chr1	67815500	67815999	6	0.5457240948813983	0.3194444444444444
chr1	51111500	51111999	6	0.5398860398860399	0.28703703703703703
chr1	81033000	81033499	6	0.5315126050420169	0.39705882352941174
chr1	44587500	44587999	6	0.5296052631578947	0.3125
chr1	10760500	10760999	6	0.5285243407707911	0.35294117647058826
chr1	15308500	15308999	6	0.5178571428571428	0.23214285714285715
chr1	41453000	41453499	6	0.5166666666666666	0.4
chr1	19288000	19288499	6	0.5136554621848739	0.2720588235294118
chr1	47727500	47727999	6	0.5104166666666667	0.3333333333333333
chr1	2092500	2092999	6	0.5104166666666667	0.3645833333333333
chr1	27123500	27123999	6	0.5076923076923077	0.4388888888888889
chr1	41919000	41919499	6	0.5073529411764706	0.24264705882352938
chr1	2098000	2098499	6	0.5043507362784472	0.4444444444444444
chr1	43007500	43007999	6	0.5025839793281653	0.19186046511627908
chr1	94642000	94642499	6	0.5017230576441103	0.2976190476190476
chr1	89574500	89574999	6	0.5013736263736264	0.39285714285714285
chr1	86416500	86416999	6	0.5	0.25
chr1	64747500	64747999	6	0.49822443181818177	0.44318181818181823
chr1	7263000	7263499	6	0.4973358908780904	0.18382352941176472
chr1	45684000	45684499	6	0.4953703703703704	0.3796296296296296
chr1	63023000	63023499	6	0.4947478991596639	0.3088235294117647
chr1	86779000	86779499	6	0.49410737669140115	0.3793103448275862
chr1	67816000	67816499	6	0.4933712121212121	0.3333333333333333
chr1	93590000	93590499	6	0.4921875	0.4609375
chr1	27132500	27132999	6	0.490254872563718	0.3804347826086957
chr1	8247500	8247999	6	0.4890180878552972	0.37209302325581395
chr1	77992500	77992999	6	0.4855100970364543	0.46341463414634143
chr1	9331000	9331499	6	0.4848816827344435	0.35714285714285715
chr1	26863500	26863999	6	0.4838311688311688	0.31
chr1	19385000	19385499	6	0.48245614035087725	0.3092105263157895
chr1	16971500	16971999	6	0.4820075757575757	0.34090909090909094
chr1	19623500	19623999	6	0.48029850746268665	0.45999999999999996
chr1	26945500	26945999	6	0.47916666666666663	0.33333333333333337
chr1	53167000	53167499	6	0.47756410256410253	0.28205128205128205
chr1	24108500	24108999	6	0.4772727272727273	0.2727272727272727
chr1	10819000	10819499	6	0.47623239436619724	0.3125
chr1	6472500	6472999	6	0.47318152385063683	0.3719512195121951
chr1	13799000	13799499	6	0.47285067873303166	0.4903846153846154
chr1	48931500	48931999	6	0.47120098039215697	0.26041666666666663
chr1	3456000	3456499	6	0.47011494252873565	0.39655172413793105
chr1	30039000	30039499	6	0.4671261930010605	0.3804347826086957
chr1	88613000	88613499	6	0.46666666666666656	0.30833333333333335
chr1	24936500	24936999	6	0.4648286064068557	0.46120689655172414
chr1	28747500	28747999	6	0.4635199523525907	0.4782608695652174
chr1	94697500	94697999	6	0.46182095343680707	0.2682926829268293
chr1	27519500	27519999	6	0.46168831168831165	0.35000000000000003
chr1	1143500	1143999	6	0.46022727272727276	0.3693181818181818
chr1	77938000	77938499	6	0.45975378787878785	0.46212121212121215
chr1	6474000	6474499	6	0.45623931623931624	0.36
chr1	19921500	19921999	6	0.4552083333333333	0.3416666666666667
chr1	25577500	25577999	6	0.454174287954011	0.4011627906976744
chr1	1648000	1648499	6	0.44999999999999996	0.375
chr1	17597500	17597999	6	0.4490358126721764	0.41666666666666663
chr1	95122000	95122499	6	0.44522522522522523	0.3581081081081081
chr1	26863000	26863499	6	0.4451013513513513	0.3986486486486487
chr1	1159000	1159499	6	0.44172705314009664	0.4402173913043478
chr1	28243500	28243999	6	0.4395833333333333	0.26041666666666663
chr1	38097500	38097999	6	0.4384920634920635	0.38095238095238093
chr1	56527500	56527999	6	0.4375	0.3125
chr1	89901500	89901999	6	0.43749999999999994	0.4791666666666667
chr1	91831500	91831999	6	0.43716475095785434	0.3017241379310345
chr1	43313500	43313999	6	0.43715277777777783	0.4722222222222222
chr1	85007000	85007499	6	0.43333333333333335	0.41666666666666663
chr1	27686500	27686999	6	0.43296252927400464	0.33035714285714285
chr1	37732000	37732499	6	0.4322139303482587	0.29166666666666663
chr1	1244000	1244499	6	0.43173987941429803	0.24074074074074073
chr1	9253000	9253499	6	0.43106758832565284	0.47619047619047616
chr1	17596000	17596499	6	0.4305555555555555	0.4583333333333333
chr1	25779500	25779999	6	0.43014705882352944	0.5073529411764706
chr1	2138500	2138999	6	0.4301169590643274	0.4777777777777778
chr1	39826500	39826999	6	0.4298349056603774	0.34375
chr1	22393500	22393999	6	0.4297538200339559	0.29605263157894735
chr1	43286000	43286499	6	0.4285714285714286	0.44047619047619047
chr1	6482000	6482499	6	0.42514150943396223	0.37735849056603776
chr1	54257500	54257999	6	0.4250565610859729	0.4595588235294118
chr1	27037500	27037999	6	0.4244663382594417	0.27380952380952384
chr1	59429500	59429999	6	0.42333333333333334	0.5416666666666666
chr1	44650000	44650499	6	0.4233050847457628	0.475
chr1	6011000	6011499	6	0.4227941176470589	0.3125
chr1	24759500	24759999	6	0.42272727272727273	0.35
chr1	19981500	19981999	6	0.4217352415026834	0.27884615384615385
chr1	10778500	10778999	6	0.4214285714285715	0.3928571428571428
chr1	32935500	32935999	6	0.42123477297895917	0.5119047619047619
chr1	17595500	17595999	6	0.4209051724137931	0.33125000000000004
chr1	94605500	94605999	6	0.4190767519466074	0.45161290322580644
chr1	911000	911499	6	0.4187019069923051	0.163265306122449
chr1	74010000	74010499	6	0.41793372319688116	0.34259259259259256
chr1	48527000	48527499	6	0.4155555555555555	0.3611111111111111
chr1	67105000	67105499	6	0.4147727272727272	0.42613636363636365
chr1	6270000	6270499	6	0.41410392364793214	0.3902439024390244
